143
149
17
122
141
21
117
235
169
78
238
166
13
205
158
29
3
197
163
109
54
251
173
41
117
220
186
105
215
99
47
194
191
248
26
20
140
142
213
209
42
8
144
121
67
171
50
101
10
94
137
93
67
219
25
61
176
225
170
3
13
79
220
241
240
110
53
19
114
26
80
210
20
148
105
203
152
231
42
2
54
141
178
2
181
219
79
17
70
232
220
159
9
27
3
171
152
89
20
186
163
80
124
225
211
211
46
0
195
119
89
160
35
171
218
79
7
199
2
121
216
88
213
29
255
68
37
192
142
91
243
78
133
78
132
230
100
237
211
83
141
107
197
200
109
243
9
156
12
45
